6 0.5828125 0.17421875 0.27265625 0.08203125
6 0.86484375 0.06640625 0.26640625 0.0796875
6 0.4109375 0.29140625 0.27421875 0.109375
6 0.6 0.34765625 0.26484375 0.0765625
6 0.3046875 0.39453125 0.28203125 0.1359375
6 0.72421875 0.42421875 0.26640625 0.07421875
6 0.18046875 0.525 0.26640625 0.07734375
6 0.33828125 0.62265625 0.3359375 0.1
6 0.6234375 0.52265625 0.26875 0.09453125
6 0.51484375 0.50234375 0.30546875 0.08359375
6 0.703125 0.634375 0.2546875 0.1015625
6 0.40234375 0.7390625 0.27578125 0.09140625
6 0.875 0.82421875 0.24453125 0.075
6 0.73828125 0.78203125 0.090625 0.15625
6 0.41328125 0.7953125 0.1921875 0.1
6 0.57734375 0.796875 0.2625 0.11875
