6 0.190625 0.39609375 0.1375 0.071875
6 0.14765625 0.76015625 0.22421875 0.1234375
6 0.57578125 0.7609375 0.14296875 0.11796875
6 0.89375 0.51796875 0.18515625 0.10546875
6 0.2484375 0.30234375 0.1171875 0.1
6 0.1765625 0.0640625 0.10625 0.1046875
6 0.540625 0.3296875 0.18046875 0.09140625
6 0.7953125 0.51796875 0.13515625 0.1265625
6 0.496875 0.6 0.221875 0.13125
6 0.3140625 0.925 0.246875 0.121875
6 0.41171875 0.8953125 0.20703125 0.10390625
6 0.91328125 0.81953125 0.1734375 0.1296875
6 0.88203125 0.8921875 0.2359375 0.1515625
6 0.8921875 0.95390625 0.159375 0.0921875
