6 0.2125 0.7703125 0.36640625 0.17578125
6 0.559375 0.3765625 0.25234375 0.109375
6 0.70546875 0.5703125 0.2671875 0.1078125
6 0.109375 0.60703125 0.21875 0.13828125
6 0.58828125 0.0390625 0.2203125 0.078125
6 0.78359375 0.28203125 0.28359375 0.08671875
6 0.94921875 0.33515625 0.1015625 0.0578125
6 0.784375 0.46875 0.21328125 0.12421875
6 0.8328125 0.740625 0.33125 0.13203125
6 0.4984375 0.68671875 0.20625 0.11875
6 0.5703125 0.61953125 0.29296875 0.13046875
6 0.13203125 0.86015625 0.203125 0.2171875
6 0.0875 0.75625 0.175 0.09609375
