6 0.41953125 0.13203125 0.12734375 0.11953125
6 0.62578125 0.196875 0.12890625 0.08984375
6 0.346875 0.45625 0.115625 0.0890625
6 0.5484375 0.4953125 0.08984375 0.1015625
6 0.19140625 0.09375 0.07421875 0.10078125
6 0.5640625 0.0484375 0.11328125 0.08203125
6 0.81875 0.1765625 0.12109375 0.0875
6 0.84765625 0.35078125 0.11171875 0.08125
6 0.88359375 0.31484375 0.0796875 0.053125
6 0.790625 0.48125 0.1296875 0.08515625
6 0.94609375 0.453125 0.10703125 0.084375
6 0.9671875 0.54453125 0.06484375 0.078125
6 0.978125 0.60234375 0.04375 0.0578125
6 0.78359375 0.79140625 0.0609375 0.090625
6 0.11640625 0.309375 0.09765625 0.06796875
6 0.0734375 0.3703125 0.1140625 0.0796875
6 0.1921875 0.49453125 0.07109375 0.12578125
6 0.0640625 0.55859375 0.04453125 0.0734375
6 0.21484375 0.6 0.0625 0.08515625
6 0.28984375 0.696875 0.0953125 0.053125
6 0.0921875 0.86015625 0.034375 0.08828125
6 0.1390625 0.9046875 0.03359375 0.11484375
6 0.4734375 0.65703125 0.11640625 0.1046875
6 0.5546875 0.62578125 0.1109375 0.08984375
6 0.628125 0.71875 0.03046875 0.11171875
6 0.58359375 0.9703125 0.0890625 0.059375
