6 0.32421875 0.26015625 0.2015625 0.11875
6 0.16796875 0.56640625 0.1984375 0.11796875
6 0.54921875 0.68671875 0.1921875 0.10234375
6 0.5734375 0.2609375 0.13359375 0.08828125
6 0.12734375 0.3375 0.1265625 0.09140625
6 0.740625 0.4875 0.16875 0.07109375
6 0.734375 0.31171875 0.13125 0.06015625
6 0.93203125 0.2578125 0.1359375 0.065625
6 0.396875 0.44296875 0.153125 0.09140625
6 0.3171875 0.4859375 0.1578125 0.09375
6 0.52578125 0.20078125 0.13125 0.07578125
6 0.640625 0.634375 0.1765625 0.06484375
6 0.6546875 0.7421875 0.13984375 0.0640625
