8 0.909375 0.54375 0.0921875 0.10234375
8 0.78046875 0.58984375 0.0578125 0.08203125
8 0.71796875 0.50234375 0.08125 0.08046875
8 0.14375 0.590625 0.0578125 0.065625
8 0.35390625 0.471875 0.03984375 0.065625
8 0.86015625 0.41953125 0.103125 0.10078125
8 0.17578125 0.640625 0.08203125 0.078125
8 0.57890625 0.5140625 0.06171875 0.08828125
8 0.346875 0.75703125 0.059375 0.071875
8 0.14765625 0.70546875 0.0546875 0.0484375
8 0.6609375 0.62421875 0.0515625 0.078125
8 0.446875 0.640625 0.053125 0.0734375
8 0.30625 0.53203125 0.0328125 0.0734375
8 0.615625 0.68046875 0.071875 0.06875
8 0.48515625 0.8625 0.0796875 0.0703125
8 0.51875 0.6390625 0.071875 0.08515625
8 0.32421875 0.6765625 0.0796875 0.09453125
8 0.8703125 0.48203125 0.07890625 0.08203125
8 0.40546875 0.74765625 0.0703125 0.08984375
8 0.2234375 0.68125 0.05859375 0.05859375
8 0.26953125 0.6140625 0.05546875 0.06328125
8 0.2390625 0.62421875 0.0375 0.084375
8 0.340625 0.54296875 0.05078125 0.07109375
8 0.60546875 0.5609375 0.053125 0.0703125
8 0.740625 0.55078125 0.034375 0.06640625
8 0.68984375 0.5453125 0.05390625 0.065625
8 0.52578125 0.54765625 0.05546875 0.09375
8 0.36875 0.621875 0.0609375 0.0703125
8 0.434375 0.6953125 0.071875 0.06640625
