8 0.9515625 0.61796875 0.08984375 0.1765625
8 0.66796875 0.31015625 0.1765625 0.1265625
8 0.51015625 0.471875 0.1203125 0.13671875
8 0.2296875 0.53203125 0.19296875 0.13671875
8 0.646875 0.51171875 0.153125 0.16328125
8 0.20703125 0.3734375 0.146875 0.1
8 0.08359375 0.225 0.16640625 0.11640625
8 0.78984375 0.5453125 0.13984375 0.11015625
8 0.38984375 0.61171875 0.1796875 0.11640625
8 0.08828125 0.4515625 0.08984375 0.1234375
8 0.76640625 0.4734375 0.10703125 0.0796875
8 0.89296875 0.39296875 0.1 0.13046875
