8 0.2671875 0.22578125 0.325 0.1859375
8 0.66640625 0.30390625 0.3015625 0.1625
8 0.59921875 0.43828125 0.2984375 0.14375
8 0.6546875 0.82265625 0.2875 0.1703125
8 0.84921875 0.7703125 0.2953125 0.2171875
8 0.91328125 0.365625 0.1671875 0.2234375
8 0.04921875 0.2890625 0.0984375 0.22734375
8 0.78984375 0.5734375 0.1859375 0.2203125
8 0.2921875 0.4546875 0.1125 0.16640625
8 0.08828125 0.65 0.1765625 0.26015625
8 0.3484375 0.75390625 0.18046875 0.2375
8 0.90625 0.6578125 0.18125 0.13984375
8 0.09375 0.5078125 0.1875 0.1828125
8 0.2203125 0.5703125 0.271875 0.2
8 0.94140625 0.5484375 0.1109375 0.1796875
8 0.1546875 0.14921875 0.1390625 0.1265625
3 0.2515625 0.78046875 0.46953125 0.146875
