8 0.74609375 0.18671875 0.2625 0.2265625
8 0.4125 0.76640625 0.259375 0.2265625
8 0.0734375 0.83125 0.146875 0.2625
8 0.6703125 0.328125 0.1546875 0.12109375
8 0.8421875 0.5453125 0.11015625 0.1484375
8 0.72265625 0.521875 0.125 0.1375
8 0.79609375 0.73203125 0.0796875 0.18359375
8 0.70078125 0.74453125 0.10546875 0.2015625
8 0.6796875 0.6671875 0.1375 0.134375
8 0.5203125 0.64140625 0.17890625 0.203125
8 0.27421875 0.63359375 0.11953125 0.1890625
8 0.10390625 0.63984375 0.1484375 0.2203125
8 0.3546875 0.515625 0.065625 0.21875
8 0.496875 0.53046875 0.06015625 0.2203125
8 0.190625 0.80859375 0.15546875 0.2453125
8 0.5796875 0.44140625 0.08203125 0.21640625
