8 0.67578125 0.5828125 0.08671875 0.08359375
8 0.6546875 0.4625 0.0828125 0.0875
8 0.39453125 0.43671875 0.1140625 0.09921875
8 0.02734375 0.69140625 0.0546875 0.096875
8 0.6109375 0.18359375 0.08359375 0.0703125
8 0.5546875 0.3296875 0.1046875 0.0796875
8 0.04453125 0.5109375 0.0890625 0.084375
8 0.321875 0.33515625 0.109375 0.0859375
8 0.19296875 0.17265625 0.0875 0.06796875
8 0.85859375 0.22578125 0.09921875 0.08671875
8 0.18984375 0.5765625 0.11640625 0.09296875
8 0.27578125 0.1796875 0.078125 0.0640625
8 0.63046875 0.31640625 0.075 0.06015625
8 0.18515625 0.65234375 0.12421875 0.09765625
8 0.490625 0.36640625 0.08125 0.0703125
8 0.1859375 0.49296875 0.1125 0.08828125
8 0.046875 0.203125 0.0859375 0.0515625
8 0.01015625 0.2515625 0.0203125 0.05859375
8 0.08828125 0.28984375 0.10625 0.07109375
8 0.06015625 0.36640625 0.1125 0.0828125
8 0.1703125 0.44375 0.11015625 0.08203125
8 0.25859375 0.32421875 0.06875 0.05390625
8 0.42578125 0.24765625 0.11015625 0.0796875
8 0.334375 0.2703125 0.059375 0.0453125
8 0.459375 0.203125 0.0640625 0.0578125
8 0.4953125 0.18359375 0.0578125 0.05546875
8 0.390625 0.18671875 0.08359375 0.05
8 0.41796875 0.1609375 0.06328125 0.04765625
8 0.375 0.23515625 0.0859375 0.07265625
8 0.55546875 0.23359375 0.065625 0.04609375
8 0.96640625 0.37734375 0.0671875 0.06953125
8 0.946875 0.20234375 0.08046875 0.0546875
8 0.96640625 0.2375 0.0671875 0.06953125
8 0.9546875 0.28984375 0.0875 0.07109375
8 0.91328125 0.29375 0.05 0.05703125
8 0.80390625 0.1828125 0.06953125 0.053125
8 0.74375 0.20625 0.06796875 0.04921875
8 0.68828125 0.228125 0.06640625 0.05546875
8 0.73828125 0.23515625 0.0421875 0.0359375
8 0.759375 0.3140625 0.0546875 0.04140625
8 0.76640625 0.27578125 0.0640625 0.04609375
8 0.11015625 0.33359375 0.053125 0.04296875
8 0.01484375 0.428125 0.0296875 0.07109375
